0;1;2;3
4;7;8;9;11;13;14;16;20;21;23;25;27;31;35;39;43;47;52;55;57;60;61;62;68;71;77;82;85;87;93;96;99;106;108;111;113;116;118;120;127;132;137;142;156;168;173;179;190;202;208;212;229;236;243;250;265;289;313;321;329;332;341;351;370;396;415;423;474;484;497;526
5;6;10;12;15;17;18;19;22;24;26;28;29;30;32
33;34;36;38;44;46;49;51;54;56;59;64;67;74;76;84;92;98;101;103;110;121;129;131;139;141;144;146;151
154;164;174;181;185;192;224;260;271;278;284;292;297;323
331;344;349;355;372;375;381;392;399;406;426;455;470;476
335;348;360;388
163;184;191;197;220;244;259
267;277;296;302;308;315;322;330;343;347;354;359;387;405;475;492
283;291;295;307;314;334;353;374;398;404;425;437;461
37;40;41;42;45;48;50;53;58;63;65
69;70;72;80;86;89;94;100;102;107;109;112;117;122;125;130;133;136;138;159;165;170;175;182;186;193;204;238;245;252;261;279;285;309;316;336;356;361;373;376;382;393;407;417;427;438;456;485;499;508;527;531;533;536
147;149;152
157;161;167;178;195;199;201;206;207
215;218;222
232;247;256;268;281;287;305
160;166;172
188;194;240;246;254;262;298;303;310;317;324
148;155;171;176;187;200;210;214;225;239;253;299;304;318;325;362;366;428;429;447;457;462
378;384;395;411;418;431;449;459;463;487;494;502
383;394;410;439;479;501;529
539
543
471;478;500;509;513;520;524;534;538
227;233;241;269;273;282;288;311;319;338;350;363;377;389;390;400;409;446;477;519;528;537
235;242;249;258;264;275;312;328;340;358;368;379;385;421;442;451;465;482;496;503;517
177;189;198;205;211;217;221;226;231;255;272;280;286;293;300;326;337;357;367
66;73;75;79;83;88;91;97;105;115;124;135;140
