0;1;2;3;4;5
6
8;10;11;13;16;18;19;22;26;29;32;34;40;42;45;53;58;59;61;62;65;70;74;76;78;80;82;84;88;92;97;100;101;105;109;112;123;126;129;134;138;148;154;159;168;170;183;191;196;203;210;220;234;263;271;279;280
283
289;293
7;12;14;20;23;35;36;38;41;43;44;46;47;52;54;56;60;63;66;67;69;72;75;77;79;86;87;90;93;96;98;102
85;89;95;104;107;111;113;114;118;124;132;145;151;156;162;165;176;179;185;193;199
205;213;214;225;247;254;267;296;304;310;325
91;94;99;103;106;110;117;121;131;136;140;150;155
160;164;175;184;189;198;224;235;240;245;265;276;281;294;300;320;331;338;346
171;178;197;204;211;222;229;236;246;253;258;266
282;285;303;315;324;333;342
284;290;302;323;332;341
295;309;314;322;340
215;242;250;256;260;273;288;292;307;313;319
330
350
226;231;241;249;259;269;277;287;298;306
312;329
318;328
230;237;248;255;268;272;286;305;316;327
336;345
344;349
212
9;15;17;21;24;25;27;28;30;31;33;37;39;48;49;50;51;55;57;64;68;71;73;81;83
