0;1;2;3;4;5;6;7;8;9;10;11;12;13;14;15;16;17;18;19;20;21;22;23;24;25;26;27;28;29;30;31;32;33;34;35;36;37;38;39;40;41;42;43;44;45;46;47;48;49;50;51;52;53;54;55;56;57;58;59;60;61;62;63;64;65;66;67;68;69;70;71;72;73;74;75;76;77;78;79;80;81;82;83;84;85
86;89;90;92;94;97;99;100;103;105;107;109;110;115;118;122;125;128;131;135;136;139;143;145;149;159;167;172
175;179;184;193;197;200;205;209;211;214;226;229;234;239;247;250;253;256;260;261;265;269;276;283;288;299;303;318;322;327;334;339;347;351;363;370;374;378;382;389;393;411;421;432;437;444;455;463;468;478;490;496;502;505;514;529;533;544;550;561;568;573;579;584;603;607;623;629;641;647;652;660;666;678;698;711;717;723;728;742;757;782;801;806;833;841;846;858;865;880;887;898;909
178;183;187;192;196;199;204;221;228;233;241;246;252;259;273;278;291;298;308;313;317;321;326;333;343;346;362;369;373;385;392;403;407;410;420;425;429;431;436;448;454;458;467;472;483;493;501;508;522;528;538;560;567;572;578;585;590;595;598;602;606;611;622;627;628;634;644
656;662;668;674;689;693;712;719
738;752;761;773;793;817;824
744;760;766;777;784;792;834;843;847;855;867;874;882;900;916;939;944;945;962;966
683
87;88;91;93;95;96;98;101;102;104;106;108
111;116;121;124;130;134;138;152;157;166;171;182;186;191;195;203;213;220;225;232;238;245;249;258;264;268;272;275;280;287;293;296;301;305;309;314;319;329;336;353;358;398;405;416;434;439;441;445;450;464;469;473;475;480;487;491;497;503;506;510;520;524;534;540;546;552;556;562;575;587;592;599;612;616;633;642;648;654;672;681;687;702;718;729;736;743;751;758;765;772;783;791;823;842;854;866;881;888;899;910
113;119;123;133;137;141;144;147;153;155;161;164;173;177;185;189;207;215;218;223;231;236;243;251;254;262;271;277;290;306;310;315;320;324;330;341;348;354;365;379;386;395;399;412;423;442;456;459;470;476;481;484;488;498;511;516;535;541;557;588;593;609;613;637;643;649;655;667;673;682;688;699;724;737;759
294;297;302;312;325;332
338;342;345;361;368;372;377;384;388;397;402;406;409;419;424;428;435;451;453;462;482;500;513;517;527;537;543;549;555;566;571;577;583;601;615;632;640;646;664;671;677;709;721;726;732;748;763;780;789;797;803;808;809;816;822;830;839;845;856;872;878;885;892;896;908;924;929;935;936
344;350;356;360;367;376;381;401;414;418;443;447;457;461;466;471;485;495;512;519;521;526;532;542;548;554;565;570;576;582;617;619;626;636;639;659
663;670;680;692;696;707;708
715;734;749;770;781;790;799;804;813;814;821;849;860;870;883;891;894;903;906;915;919;926;933;947;954;957;958;973;978;979
733
740
676;686;706;714;731;755;769;796;807;819;820
307;311;316;331;337;349;355;359;366;380;383;387;391;396;400;408;413;417;427;440;446;460;465;477;489;492;494;499;504;507;525;531;536;547
558;563;569;581;596;600;625;631;638;650;657;679;684;690;694;704;720;725;746;753;775;786;787
971;984;998;1013
975;983;991
982;996
990
1023
1015;1021
1017
553;559;564;589;594;597;605;610;614;621;624;635;645;651;658;669;675;685;691;695;705;713;730;739;747;754;768;779;788;795;802;818;826;836;844;848;863;869;875;889;901;905;911;917;931;946;952;967;972;977;987;994;1001;1008
805;810;815;829;838;850;861;871;877;884;895;904;907;913;920;923;927;928;934;940;948;955;965;969;1002;1010
756;798;827;852;864;876;890;902;912;914;918;932;953
922;930;938;943;961;986;1007
112;114;117;120;126;127;129;132;140;142;148;151;156;162;165;168;170;174;181;190;198;202;208;216;219;224;237;244;248;255;257;263;267;274;282;286
