0;1;2;3;4;5;6;7;8;9;10;11;12;13;14;15;16;17;18;19;20;21;22;23;24;25;26;27;28;29;30;31;32;33;34;35;36;37;38;39;40;41;42;43;44;45;46;47;48;49;50;51;52;53;54;55;56;57;58;59;60;61;62;63;64;65;66;67;68;69
70;71;72;73;75;76;78;82;83;87;90;94;96;97;99;101;102;104;106;107;108;110;112;115;117;118;120;122;123;124;126;127;129;131;132;138;140;142;143;145;147;149;151;153;155;158;160;162;163;164;166;168;170;171;176;177;178;180;182;183;185;187;194;197;199;203;205;207;213;214;217;219;222;223;225;226;229;231;234;239;240;246;249;251;252;257;259;261;262;266;269;270;276;280;288;294;295;297;304;306;308;310;319;330;332;335;341;345;348;353;356;371;384;388;393;400;408;412;413;422;439;442
447;450
449;461;468;498
74;77;79;80;81;84;85;86;88;89;91;92;93;95;98;100;103;105;109;111;113;114;116;119;121;125;128;130;133;134;135;136;137;139;141;144;146;148;150;152;154;156;157;159;161;165;167;169;172;173;174;175;179;181;184;186;188;190;191;193;196;198;201;202;204;209;210;212;216;218;221;224;228;232;237;238;242;243;244;245;248;250;253;256;264;265;268;273;275;277;279;282;286;287;296;299;301;302;305;311;312;313
316;317;322;325;328;333;336;338;343;347;349
351;362;366;369;375;386;395;396;406;417;424;427;431;438;448;457;460;463;481
361
320;324;342;346;357;360;365;372;373;379;389;409;421;430;437;446;455;467;470;471;482
492;497;503;509
515;533
493;504;516;548
559;588;592;598;632;633;643
499;521;525;530;534;539;543;547;556;566;572;578;596;607;616;623;631
581;590;600;620;625
589;611;619
594;614;622;629;642
654;659
656
603;613
645;651
655
657
661;665
660;663;667
662;666
553;557;560;567;601;626;644;648
380;390;394;401;405;407;416;420;426;429;445;454;474;487;491;502;507;513;537;545;555;563;570;576;586;591;595;630;647
368;374;381;385;402;410;415;423;434;436;444;453;479;486;506;512;519;522;528;536;541;569;585
496;514;520;524;529;542;546;552;565;574
350;352;354;358;367;376;391;397;403;411;418;425;443;451;458;464;469;472;476;483;489
