0
1;2;4;6;8;9;11;14;17;18;20;21;25;26;27;28;30;34;36;43;46;49;51;57;58;60;62;69;73;76;80;85;90;92;101;105;107;110;114;118;122;136;143;146;150;153;159;164;171;174;178;192;195;204;206;209;216;219;230;233;238;246;250;256;260;266;275;277;284;289;301;310;317;320;324;331;354;358;369;375;382;386;393;397;402;424;432;445;456;465
477;484;491;514;522;573;588;625;635;642
504;549;596;604;617;634
3;5;7;10;12;13;15;16;19;22;23;24;29
63;65;78;82;84;87
91;99;103;108;112;120;126;128;131;133;140;147;148;149
506;524;534;545;551;562;569;582;607;628;636;651;662
533;550;561;576;591;598;606;613
32;37;38;40;42;44;47;48;53;59;61;64;66;68;72;75;79;89;94;97;106;117;124;127;130;132;135;138;142;145;163;170;176;180;187;189;194;208;212;218;245;249;255;259;265;274;296;300;304;309;319;323;330;336;341;349;365;368;381;396;406;411;414;423;430;454;463;471;483
499;513;520;531;548;560;587;602;612;624;649
503;542;559;581;594;601;611;632;641;656
155;161;173;175;182;186;198;205;223;226;241;244;248;258;263;273;282;287;302;316;322
328;339;348;364;380;385
343;347;352;357;363;366;374;379;384;391;400;409;416;429;438;461
481;496;497
509;518;537
67;70;71;74;77;81;83;86;93;95;98;102;111;115;119;125;137;139;144;151;160;165;167;184;200;203;207;213;221;234;242;251;261;270;276;280;285;290;305;321;332;337;342;344;350;355;359;370;387;398;403;420;425;426;433;440;444;453;462;470;476;489;511;519;540;557
631;640;671;677;682;686
639
647;666;676
654;660
690
689
501;510;529;539;556;567;572;580;585;593;609;615;622;629;646;663;669;673;674;680
88;96;100;104;109;113;116;121;123;129;134;141;157;166;168;172;177;188;196;201;210;214;220;225;239;243;252;257;262;267;278;291;298;311;314;318;326;334;338;346;356;361;372;377;389;407;436;442;448;458;479;486;493;507;515;525;535;546;552;570;577;614;620;645;652;658;668;679;688
417;452;460;475;480;495;536;555;566;584;599
152;154;156;158;162;169;179;183;191;193;199;211;217;224;227;229;232;236;254;264;269;279;283;288;293;299;303;308;329;335;340;353;367;392;401;405;410;418;439;441;446;457;466;473;500
31;33;35;39;41;45;50;52;54;55;56
