0;1;2;3;4;5;6;7;8;9;10;11;12;13;14;15;16
19;20;23;24;25;27;30;32;33;34;36;37;39;42;44;45;47;49;51
52;56;59;64;67;68;72;74;75;82;84;87;90;92;94;101;106
109;111;113;117;121;136;142;150;157;165;167;169;178;181;182;184;191;198;202;208;211;225;233
238;253;271;275;286;297;311;373;380;392;404;411;435;452;461;471;478;522;532;547;573;592;602;618;644;661;690;701;718;728
241;269;270;276;282
298;325;332;349;363;374;397;405;412;425;437;445;454;462;481;488;497;504;523;533;555;575;584;594;603;646;652;670;681;703;720;735
124;129;132;139;146;149;160;168;171;180;183;197;223;229;236;239;247;252;281;291;296;305;316;324;331;354;361;371;396;409;436;453;479;487;496;511;554;572;582;591;601;608;626;633;640;660;668;689;700;709;717;727;742;752;760
55;61;62;63;66;69;71;78;80;86;91;95;97;100;105;116;120;123;128;131;135;138;141;145;147;153;155;159;162;164;173;177;179;187;194;200;205;207;216;222;228;232;246;258;263;274;280;304;310;315;323;340;347;353;385;391;395;408;423;460;470;477;486;502;510;521;530;553;564;569;581;599;607;616;624;639
102;103;108;115;119;126;127;134;144;148;152;154;158;161;163;166;174;185;188;192;195
209;213;219;230;235;243;249;254;273;284;289;301;307;319;327;336;351;357;366;382;387;394;414;430;448;456;475;492;507;515;526;536;549;559;578;587;623;635;654
664;675;713;731;745;756;762;770
212;218;234;242;260;265;272;277;283;288;293;300;326;335;343;350;365;381;393;399;419;429;440;447;455;464;483;498;524;542;567;586;596;611;621;643;672;694;705;732;736;746;765;773
104;107;110;112;114;118;122;125;130;133;137;140;143;151;156;170;172;175;176
186;189;193;196;204;210;215;221;227;231;245;251;267;295;303;314;322;330;346;370;378;390;434;444;450;468;494;519;529;545;580;606
631;638;651;657;667;724;740;751;758
650;656;677;687;698;715
199;203;214
220;226;244;250;257;279;302;309;339;360;369;377;389;402;422;433;443;458;467;501;528;539;563;590;605;615;630;666;676;686;697;714;723;750;763;766
255;261;266;278;328;337;344;358;375;407;420;431;449;466;493;500;508;516;544;550;560
776
780;788;796
787
795
794
779;783
782
785;791
790;800
799
784;789
674;695;706;725;741;759;771;775
287;299;313;318;334;342;356;398;406;428;439;473;482;490;505;514;535;556;585;620;642;647;682;693;704;712;721;730;744;755;764;767;769;777;781
17;18;21;22;26;28;29;31;35;38;40;41;43;46;48;50;53;54;57;58;60;65;70;73;76;77;79;81;83;85;88;89;93;96;98;99
