0;1;2;3;4;5;6;7;8;9;10;11;12;13;14;15;16;17;18;19;20;21;22;23;24;25;26;27;28;29;30;31;32;33;34;35;36;37;38;39;40;41;42;43;44;45;46;47;48;49;50;51;52;53;54;55;56;57;58;59;60;61;62;63;64;65;66;67;68;69;70;71;72;73;74
75;77;79;81;83;86;88;90;92;93;98;102;103;104;107;110;114;117;119;121;122;123;124;125;127;128;130;132;133;135;137;138;140;141;145;148;149;151;154;155;159;164;166;169;170;171;173;174;176;179;180;183;185;189;190;193;196;197;199;200;203;205;207;208;210;211;212;214;216;221;223;227;229;232;235;239;240;242;244;246;247;250;255;256
257;261;262;265;270;281;283;288
296;298;301;309;316;327;331;335;349;355;360;364;370;376;390;401;407;414;441;450;462;471;494;513;524;535;540;569;579;587;610;620;628;705;715;748;756;771
308;324;328;339;344;377;396;413;434;449;461;470;481;493;504;557;568;609;619;639;651;658;679;694;704;737;762
259;263;267;269;272;276;279;286;287;290;292;294
302;305;311;320
325;332;336;357
378;393;397;416;428;435;444;463;505;536;541;571;590;595;629
640;652;661;672;707;727;738;750;774
392;409;422;443;451;473;483;515;526;580;589;600;659;686;695;706;725;772;773;790
329;340;345;350;356;361;365;391;402;408;415;421;427;442;456;472;482;514;525;551;570;588;594;671;708;717;729;740
304;310;313
317;319;341;346;358;362;379;385;398;410;417;464;484;495;506;591;611;630;641;653;673;688;696;716;726;749;757;763
271;275;278;280;282;285;289;293;295;300;303;307;312;315;318;322;323;338;348;354
367;375;384;412
457
475;497;507;528;544;559;582;622;633;646;655;674;682;690;697;730;741;751;764;775;783
474;485;516;542;558;572;612;621;631;642;680;709;752
326
330;343;353;373;382;388;400;405;431;467;490;500;520;532;563;576;585;599;604;625;635;666;700
334;337;347;352;372;381;387;399;404;411;419;423;430;445;466;489;499;519;538;547;552;562;584;592;603;615;624;634;644;677;684;692;699;711;720;734;743;766
426;433;440;460;480;503;512;523;555;567;577;607;626;637;650;669;678;713;722
369;374;383;389;395
406;425;432;448;459;469;479;492;502;511;549;554;566;617
420;438;447;468;478;510;522;534;539;553;565;586;593;606;636;649;668;702;721;745;758;777
273;274;277;284;291;297;299;306;314;321;333;342;351;359;363;366;368;371;380;386;394;403;418;454;476;488;498;530;537;575;598;614;623;643;647;656;665;676;733
703;714;747;761;782;802
735;801;808
746;759;780;786;793;797
768;779;785;796
812
813
815;819
818
814;817
439;452
486;496;527;543;573;581;596;632;654;662;681;689;698;710;718;731;742;791;810
660;687
76;78;80;82;84;85;87;89;91;94;95;96;97;99;100;101;105;106;108;109;111;112;113;115;116;118;120;126;129;131;134;136;139;142;143;144;146;147;150;152;153;156;157;158;160;161;162;163;165;167;168;172;175;177;178;181;182;184;186;187;188;191;192;194;195;198;201;202;204;206;209;213;215;217;218;219;220;222;224;225;226;228;230;231;233;234;236;237;238;241;243;245;248;249;251;252;253;254;258;260;264;266;268
