0;1;2;3;4;5;6;7;8;9;10;11;12;13;14;15;16;17;18;19;20;21;22;23;24;25;26;27;28;29;30;31;32;33;34;35;37;38;40;42;43;46;49;50;51;53;54;55;57;58;60;63;64;65;66;67;69;71;73;75;76;80;82;84;86;89;92;112;116;123;127;128;133;138;140;143;146;148;149;150;153;158;161;163;165;179;182;184;187;188;190;192
194;197;201;213;216;217
222;228;234;247
262;272;290;300;305;318;326;337;367;391;405;417;418;429;447
271;279;282;288;289
307
312;321;339;350;354;360;370;382
393;394
403;412;420;445
411
444;451;452
460
320;349;369;381;388;408;436;437
224;227;230;233;237;243;246;252;278
287;299;311;316;324;343;347;359;368;376;380;387;392;406;407
365;390;398;404;424;431
373;377;385;414
441
449;456;464
472;479
448
466;483
475;482
442;450;458;463
457;465;480;488
504
501
498
503
502
469;486;497
454;470;478;494;499
421;428;439;446;453;461;487;493
427;438;468;476;485
409;419
313;322;328;351;361;371;383;395;410;434
258;263;283;291;306;319;327;334;338;374;400;432;455;462;471
281;296;304;317;325;333;344;348;357
199;209;212;231;235;238;239;251;254;260;267;273;276;284;293;297;301;323;330;340;363;372;384;396;422;430
