0
1;3;5;8;9;10;11;14;16;19;20;24;28;29;33;37;38
43;45;48;50;54;57;61;69;72;75;81;84;87;88;91;92;96;102;104;107;111;113;116;122;129;134;136;137;143;145;151;159;163;172;176;181;183;192;196;206;221;226;230;259;280;287;297;312;324;340;351;382;403;410;416;423;429;434;439;450;463;473;481;488;496;499;502;506;520;525;527;531
195;201;205;210;213;219;224;228;235;255;258;268;278;286;330;335;350;356;361;375;388;395;397;402;408;409;421
432;437;443
261;272;276;283;290;304;309
265;275
282;299;303;308;316;322;327;338;346;354;372;378;390
294;302;307;315;321;326;353;366;371
427
433;438;448;455;486;494;509;515;517;523;529;539;550;555;563;569;573;577;578
586
200;218;223;233;239;248;254;257;266;273;277;284;291;295;305;310;323;328;334;348;355;360;364;368;387;393;400;406;414;419;426;431;442
566;571
584;590;596;597;603;607
595
581;598
612
615
614
447;454;466;480;493;513;514;519;526;534;541;546;552;556;564;570;585;591;611
444;467;471;476;487;495;510;518;540;545;551;557;560
339;359;363;367;373;380;386;392;413;418;441;452;456;460;464;475;505;508;533;538;544;549;559;565;575
453;462;470;478;483;497;503;507;511;516;521;536;542;543;554
2;4;6;7;12;13;15;17;18;21;22;23;25;26;27;30;31;32;34;35;36;41;44;46;52;53;58;63;65;67;74;78;79;83;95;100;105;109;115;118;120;124;125;127;131;139;146;149;152;154;156;161;167;169;173;190
40;51;55;62;64;68;70;73;77;80;82;85;89;94;99;103;108;117;123;130;133;135;138;141;144;160;164;178;187;189;194;199;209;217;222;232;247
