0;1;2;3;4;5;6;7;8;9;10;11;12;13;14;15;16;17;18;19;20;21;22;23;24;25;26;27;28;29;30;31;32;33;34;35;36;37;38;39;40;41;42;43;44;45;46;47;48;49;50;51;52;53;54;55;56;57;58;59;60;61;62;63;64;65;66;67;68;69;70;71;72;73;74;75;76;78;79;81;82;84;86;87;89;90;92;94;95;97;99;102;104;105;107;108;111;112;113;115
116;117;119;123;124;131;141;152;161;166;170;173;182;186;201;205;210;224;230;236;242;253;260;265;280;317;340;358;370;371;398;405
440;466
118
126
130;138;140;151;156;165;174;178;183;187;191;195;214;225;226;232;241
246
254;287;297;313;323;330;345;354;361;373
134;137;139;146;150;160;164;171;184;196;211;215;219;221;227;231;237;240;261;266;272;302;311;327;334;343;352
359;396;415
372;388;413;414
426;441;478
450;458;473
351
356;368;379;386;392;409;423;488
367;378;385;403;408;422;429;446;455;463;470;506
142;144;148;155;162;168;176;189;193;199;208;213;217;218;220;223;228;235;251;259;278;284;291;306;336;348;355;364;376;383;399;417;432;442;451;459;468
147;153;158;167;172;175;181;188;192;198;203;207;234;244;248;250;258;271;277;290;293;301;321;326;335;341;347;363;375;401;406;418;433;444;452;460
530
532;536
535;541;550
540
549
531;534;539
543
551
555
554
553
500;505;510;514;518;527;529
243;247;249;256;269;275;282;298;310;314;319;324;329;344;353;360;381;397;416;431;439;449;456;465;490;493;498;503;508;512;517;523;526;528
262;274;281;296;304;309;318;322;332;339;357;387;394;411;438;447;464;471;482;487;496
267;273;286;295;303;308;312;331;338
128;129;133;136
