0;1;2;3;4;5;6;7;8;9;10;11;12;13;14;15;16;17;18;19;20;21;22;23;24;25;26;27;28;29;30;31;32;33;34;35;36;37
38;39
40;42;46;53;57;63;67;68;74;79;82;83;88;90;96;100;105;106;107;108;113;115;117;118;120;122;125;129;133;143;146;148;152;154;166;176;179;181;184;186;189;193;202;205;209;216;217;224;225;228;233;238;256;260;264;268;272;286;305;316;327;336;342;347;354;358;367;370;372;381;393;394
402;422;454;463;485;486;497
512;546;570;571
587;644;653;667;679;705;706
413;421;430
119;123;124;128;135;136;139;141;147;151;156;159;162;171;175;180;188;196;200;213;222;223;229
231;237;248;254;259;262;271;275;280;284;290;296;312;315;334;340;346;351;364;376;384;397;404;409;424;440;467;480;491;501;527;558;565;573;600;606;622;630;636;655;662;675
242;250;253;267;283;295;303;311;320;325;333;360;373;414;431;447;456;465;472;477;489;499;508;524;535;541;556;572;589;646;680;681;701;703;708
127;130;132;134;138;145;150;153;158;161;164;165;168;170;173;174;178;183
192;195;199;207;212;219;221;227;230;234;241;244;249;258;266;270;274;279;282;287;289;294;302;307;310;314;319
324;332;339;371;378;390;410;425;442;451;459;473;492;515;528;542;559;566;574;601;637;648;663;669;683;686;707
194;198;203;211;215
236;240;243;247;261;265;269;278;293;306;317;323;329;345;349;356;361;374;382;403;408;432;439;448;466;478;509;525;549;557;590
647;661;682;685;693;702
239;246;252;257;273;277;288;299;309;322;328;337;344;365;377;385;389;398;405;415;434;441;450;458;481;502
43;45;48;50;52;55;56;58;59;60;64;66;69;71;73;75;76;77;84;85;86;89;91;94;97;99;101;102;104;109;110;112;116;121;126;131;137;140;142;144;149;155;157;160;163;167;169;172;177;182;185;187;190;191;206;208;210;214;218;220;226;232;235;245;251;255;263;276;281;285;291;297;300;304;326;335;341;353;369;380;387;392;400;412;418;428;429;438;464;471;488;507;522;547;581;599;604;629;635;654
551;560;568;592;633;640;664;676
567;575;609;616;632;658
712
716
713
715
714
331;338;352;357;366;379;386;399;406;436;443;460;468;474;493;503;530;537
668;674;684;692;710;711
673;691;699
506;521;534;540;555;579;586;603;614;619;627;643;666;690;698;704
41;44;47;49;51;54;61;62;65;70;72;78;80;81;87;92;93;95;98;103;111;114
