0;1;2;3;4;5;6;7;8;9;10;11;12;13;14;15;16;17;18;19;20;21;22;23;24;25;26;27;28;29;30;31;32;33;34;35;36;37;38;39;40;41;42;43;44;45;46;47;48;49;50;51;52;53;54;55;56;57;58;59;60;61;62;63;64;65;66;67;68;69;70;71;72;73;74;75;76;77;78;79;80;81;82;83;84;85;86;87;88;89;90;91;92;93;94;95;96;97;98;99;100;101;102;103;104;105;106;107;108;109;110;111;112;113;114;115;116;117;118;119;120;121;122;123;124;125;126;127;128;129;130;131;132;133;134;135
136;137;140;142;144;146;150;151;153;157;159;160;161;162;164;166;174;176;177;179;180;181;183;184;186;189;191;193;194;196;198;199;201;202;203;204;205;207;209;210;212;214;216;217;219;221;223;225;228;229;231;233;234;235;239;241;242;243;246;248;249;251;253;255;258;260;265;268;269;274;275;279;283
288;291;299;301;303;309;312;314;318;327;329;332;358;360;363;374;378;390;396;403;407;420;431;433
436;443;450;456;462;469;482;490;497;504;520;529;553;563;574;581;598
442;446;455;461;468;481;503;512;528;544;552;573;597;622;634;648;659;679
290;295;298;300;302;306;311;313;315;322;326;331;337;340;343;346;350;354;366;373;383;387;392;395;397;399;410;419;422;440;449;466;480;501;542;550;561;594;619;631;644;657
247;250;254;257;259;262;264;267;270;272;276;278;280;282;285;287;289;294;296;305;308;316;320;324;333;338;342;348;353;357;359;368;371;375;377;385;398;401;405;409;423;426;472;476;479;486;507;516;524
532;538;567;576;602;613;627;640;665;683;691;703
546;556;566;589;623;636;663;701
252;256;261;263;266;271;273;277;281;284;286;292;293;297;304;307;310;319;323;328;335;341
344;352;356;361;367;370;379;381;389;394;404;413;415;417;421
425;429;452;457;470;491;506;514;522;531;536;545;554;564;575;582;587
599;660;671;680;697;708
434;438;447;453;471;475;483;492;499;515;523;537;555;565;649;689;698
709
458;473;500
509;526;535;549;560;571
579;592;609;656;686;692;714
525;534;559;569;607;628;641;687;694;706
464;487;493;508
517;540;548;558;568;577;603;615;666;685;705
533;539;547;557;583;590;614;654;674;693
707
718
723
722
717;720
719
591;608;643;655;668;688;696
347;351;355;364;376;384;388;393;400;408;412;428;444
138;139;141;143;145;147;148;149;152;154;155;156;158;163;165;167;168;169;170;171;172;173;175;178;182;185;187;188;190;192;195;197;200;206;208;211;213;215;218;220;222;224;226;227;230;232;236;237;238;240;244;245
