0
1;2;4;5;7;11;13;18;21;24;27;28
30;35;37;40;44;49;50;56;60
64;70;81;87;110;117
132;150;154
208;228;241;249;264;275;283;292;302
142;149;160;218;254;263;274;282
67;69;73;77;79;95;99;109;112
121;125;140;148;158;164;177;192;206;217;225;237
34;39;43;48;52;55;59;63;66;76;84;86;91;98;104;108;119
138;146;190;203
215;235
234;259;271;279;300
3
6;9;12;16;20;23;33;38;42;47;54;58;72;75;90;94;107;127;131;159;165;171;178;184;197;240;273;291
8;10;14;15;17;19;22;25;26
179;187;200;210
221;230;242;276;286;306;324;336
229
251;257;268;296;312
335
256;267;294;304;322
333
186;199;209;220;250;266
319
124;135;144;161;168;174;181;194;212;244;258;308
314
328
128;134;152;155;167;173;180;188;193;201;211;231;243;277;287;307
313;326
325;337
129;137;145;157;162;189;195;202;214;222;233;245;253;270;278;309;316
136;153;156;175;213;232;252;269;288;340
344;350
349
130;139;147;163;182;191;196;204;223;246;260;280;289;301;318;330
185;198;219;255;265;284;293;317;345
29;32;46;51;57;61;65;83;85;89;93;97;106;111;114
116;122
31;36;41;45;53;62;68;71;74;78;80;82;88;96;100;102;105;113;115;118;123;133;143;151;166;172
