0;1;2;3;4;5;6;7;8
9;12;13;15;17;19;20;22;23;25;27;28;30;32;34;38;40;41;42;43;47;49;51;54;55;56;59;61;62;64;66;67;69;71;75;76;78;82;85;87;91;95;97;101;109;113;117;118;123;125;134;137;142;144;157;160;164;168;173;176;182;190;212;220;248;280
10;11;14;16;18;21;24;26;29;31;33;35;36;37;39;44;45;46;48;50;52;53;57;58;60;63;65;68;70;72;73;74;77
180;188;197;205;210;215;225;230
332;335;351
358
81;83;92;93;99;103;111;119;126;131;133;135;140;145;150;153;161;165;169
186;214;216;222;234;244;255;271;277;281;293;303;310;325;331;334
191;194;202;221;228;242;253;259;270;276;296;301;317
175
181;185;189;201;207
184;192;200;211;218;231;236;263;268;273;284;321;348;353;354;365;372
245;262;267;278;282;289;290
295
300;308
343;357
361;380;387
369;379;386
378;385;389
350;360;366;374;382
392
395
399
393;398
394;397
396
313;316;338;342;349;364;371;381;390
307;314;323;330
241;246;251;256;272;283;291;299;311;320;328
79;80;84;86;89;90;94;104;108;112;114;116;120;122;127;136;139;146;148;152;159;163;166;171;172
