0;1;2;3;4;5;6;7;8;9;10;11;12;13;14;15;16;17;18;19;20;21;22;23;24;25;26;27;28;29
30;31;32;34;36;38;40;43;44;46;51;53;55;56;58;60;63;64;66;68;70;73;75;79;80;84;86;87;88;91;95;99;102;103;104;106;108;111;113;114;118;120;125;127;128;130;132;135;136;138;139;143;146;148;149;151;153;156;159;163;164;167
175;184;192;195;200;203;207;212;218;225
237;247;258;262;266;273;295;299;306;311;323;331;347;361;370;379;398;407;426;455;471;493;503;515;538;572
243;252;261;272;281;288;291;305;310;322;338;346;353;369;388;393;406;425;448;461;481;514;527;537;548;556;565;571;579
178;186;189;194
209;215;221;227;233;240;250;254;259;276;285;293;302;313;319;326;341;364;373;382;389;400;417;441;465;473;487;507;518;531;543;550;560;575
232;239;246;249;257;264;269;275;284;301;308;325;340;348;356;363;372;395;420;429;436;458;464;483;486;506
542
309;329;336;360
377;404;413;431;454;460;477;500
392;412;446;453;479;491;512;526
343;350;358;366;375;401;410;422;444;468;475;522;546;552;561;576
578;584;587;590;592
583
589;599
591;594
598
593;597;604
403;411;419;440;452;459;469;476;554;562;568
530;559;574;581
33;35;37;39;41;42;45;47;48;49;50;52;54;57;59;61;62;65;67;69;71;72;74;76;77;78;81;82;83;85;89;90;92;93;94;96;97;98;100;101;105;107;109;110;112;115;116;117;119;121;122;123;124;126;129;131;133;134;137;140;141;142;144;145;147;150;152;154;155;157;158;161;162;165;169;171;173;177;181;185;188;191;193;199;205;211;217;224;229;236;242;251;260;265;271;280;297;298;304
