0;1;2;3
5;6;9;10;12;14;18;19
22
30;32;35;43;46;50;52;55;58
70;76;82;83
90
104;110;118
137;142;158;162;176;185;193;198;205;211;217
31;34;39;42;45;48;49;61;67;69;75;81;89;93;96;107;120;125;139;146;152;157;167;180;191;209
64;71;77;84;86;102;103;108;116;126;135
227;233;240
232
239;259
256;265;272
264
274
276
281
280
275
156;174;179;184;190;203;216;223;246;257
24;26;29;38;47;51;54;57;60;63;68;74;80;88;95;101;115;131;136;140;168;175;192;204;210;236;247;273
121;128;132;138;143;164;170;187;194;200;218;225;235;245
99;109;111;117;127;141;148;159;163;169;177;181;186;199;212;224;253
4;7;8;11;16;17;20;21;23;25;28;41;44;53;66;73;79;92;94;114;124;130;134;145;150;155;173;183;242;260
151;166;201;207;215;221
