0;1;2;3;4;5;6;7;8;9;10;11;12;13
14;16;17;19;21;22;24;25;26;28;30;32;34;38;40;41;43;45;47;50;52;54;55;56;57;60;64;65;67;72
75;79;82;85;89;98;101;106;108;110;113;117;122;125;128;130;133;135;139;142;144;152;157;161;164;171;177;178
180;184;188;194;206;212
218;225;231;242;251;261;266;269;278;286;289;299;309;314;324;345;352;359;378;397;407;426;439;440;457
230;240;262;267;281;302;317;340;353;360;369;388;398;409
77;81;87;92;93;97;99;103;105;107;112;115;116;119;127;129;132;136;138;141;148;150;151;153;154;156;167;170;176;179;182;190;200;216;223;237;250;260;277;291;308;313;323;332;343
15;18;20;23;27;29;31;33;35;36;37;39;42;44;46;48;49;51;53;58;59;61;62;63;66
69;74;78;84;91;94;96;102;104;109;111;114;121;124;126;137;140;147;159;172;174;185;191;214;221;227;235;249;256;265;276;285;288;336;350;377
183;187
284;296
305;330;335;342;349;372;412;442;476
311;320;334;357
364;383;432;454;488;515
381;391;422;444;458;477
304;356;373;380;400;414;430;469;486;512
365
376;385;405;424;437;449;463;473;484;521;528
394;404;435;481;498;522;530
375;384;393;403;434;460;470;479;490;496;507;517
529
531
539
204;210;239;245;254;258;271;310;318;327;341;347;354;399
68;70;71;73;76;80;83;86;88;90;95;100;118;120;123;131;134;145;158;162;165;168;189;193;195;226;233;248;264;275;306;322
201;205;211;217;273
