0;1;2
5;6;8;9;12;14;16;17;19;20;21;22;24;26;28;32;33;35;36;38;40;41;43;45;46;47;49;50
51;54;56;57
59;63;73;78;85;94;108;110;115;126;129;133;140;144;154;160;187;199
237;241;247;269;276;282
240;252;255;267;272;274;280;281;290;303
60;62;77;80;82;87;89;92;96;100;103;104;107;112;121;128;148;158;166;174;185;198;208;218;228;233;251;273;277;286
52;55
61;64;67;70;75;76;79;95;118;120;125;131;136;139
66;69;72;74;81;83;86;88;91;99;102;106;109;114;117;124;127;142;146;151;155;162;169;177;194;201;221;222
229;243;254
234;239
299;311;323;333;347;363
304
310
316
322;338
351
337;345;350;359
358
321;331;357
356
284
288;301
307;329;344
314;335
291;295;300
326
287;294
305;317
324
348
355;366
368
354;365
367
152;156;164;178;188;191;195;202;206;210;217;226;231;235;258;261;264;268;275;285;289;292;297;309;315;330
143;147;157;165;170;173;196;211;213;227;232;236;246;250;262;271;279
3;4;7;10;11;13;15;18;23;25;27;29;30;31;34;37;39;42;44;48;53;58;65;68;71;98;105;111;116;119;130;134;138;141;149;161;172;176;181;189;203;209;214;219;224;244;249;257;259;270;278;283;293
