0;1;2;3;4;5;6;7;8;9;10;11;12;13;14;15;16;17;18;19;20;21;22;23;24;25;26;27;28;29;30;31;32;33;34;35;36;37;38;39;40;41;42;43;44;45;46;47;48;49;50;51;52;53;54;55;56;57;58;59;60;61;62;63;64;65;66;67;68;69;70;71;72;73;74;75;76;77;78;79;80;81;82;83;84;85;86;87;88;89;90;91
92;93;94;95;97;100;102;104;105;106;108;109;111;112;114;116;119;127;131;133;135;138;142;144;146;148;149;151;152;154
157;160;166;170;175;181;184;187;191;196;206;220;223;238;243;252;257;261;265;294;310;316;323;342;369;379;383;391;402
165;167;169;172;174
177;180;183;190;200;205;211;216
236;246;255;264;269;271;285;314;330;361;368;373;376;393;405;410
179;189;193;199;201;215;227;235;240;249;254;258;263;268;278;284;300;307
96;98;99;101;103;107;110;113;120;122;124;126;129;136;140;150;153;155;158;161;163;168;176;178
182;185;188;194;198;203;208;214;218;221;225;233;248;274;290;297;327;345;352;359;367;388
197;202;207;213;217;224;228;232;244;266;289;296;305;318;326;336;351;358;366;372
230;237;241;247;250;256;259
279;302;321;331;340;348;392;403;429;434;444;455
465;477
509
521
476
492;508
518
301;308;315;320;355;362;377;401;428;433;441;486
