0
369;380;386
396;414;425;439;466
500
407;424;437;464;480;498
372;379;395;406;413;436;463;479;515
202;204;211;215;221;224;226;229;231;241;255;260;276;282;295;299;308;314;319;357;410;418
505
520;537;549
205;208;214;223;235;240;246;254;259;266;272;281;286;289;303;307;313;325;330;351;365;371;382;390;409;469;504;519;535;548
213;216;220;222;228;239;245
250;253;258;263;271;275;280
294;298;324;350;364;398
408;428;486;518
302;306;318;323;329;336;349;356;363;370;375;389;417;443;468;484
262;270;279;288;293;312;317;342;348;362;374;388
416;442;454;483
426;441;482;501
487;521;550;553
558
536
554
427;455;485;502;547
1;3;5;10;12;13;15;16;19;22;24;25;29;36;42;43;45;47;50;52;54;58;62;64;67;70;72;74;76;79;81;84;86;88;92;96;100;102;105;109;113;116;117;119;124;126;128;133;135;138;146;149;151;155;159;160;162;164;168;170;173;174;179;180;181;183;185;190;193;194;197;200
2;4;6;7;8;9;11;14;17;18;20;21;28;32;33;34;35;39;41;44;49;53;57;59;66;69;73;75;77;78;80;82;83;87;89;91;94;95;98;101;103;106;107;111;114;118;121;123;125;129;132;140;142;143;145;148;150;154;158;161;163;166;167;172;176;178;184;187;188;189;192;196;199;207;210;212;219;227;234;244;249;252;257;269;274;297;305;316;335;341;355;361
