0;1;2;3;4;5;6;7;8;9;10;11;12
13;15;16;17;19;21
589;596;606;615;625;631;642;652;661;672;678;683;715;725;730;735
595
25;28;31;32;36;39;43;45;58;61;63;66;71;73;75;77;80;81;90;94;96;97;101;105;107;110;115;118;121;125;128;130;132;137;141;145;147;155;156;158;160;167;168;169;171;173;176;178;180;184;188;191;198;205;210;216;225;228;236;240;241;247;252;260;266;275;276;280;286;289;297;310;314;318;338;342;348;351;353;355;359;370;380;387;401;404;406;413;422;432;436;443;463
471;484;489;497;508;511;520;524;546;557;563;582;588;593;604;613;623;629;637;646;660
474;480;483;488;507;510;523;534;538;545;550
556;562;576;587;603;622;628;645;658;659;666;673
684
602;612
14;18;20;23;27;29;34;38;42;44;46;48;50;53;55;57;60;62;65;68;69;72;76;79;84;86;89;92;93;99;100;103;109;112;114;117;120;124;129;133;134;136;138;139;142;144;148;150;152;161;164;165;177;182;192;195;197;199;208;211;214;217;226;230;233;237;242;244;248;253;261;267;270;279;281;284;287;293;298;306;311;315;319;332;340;345;360;364;368;371;373;377;381;386;388;391;405;407;410;414;418;423;427;429;437;440;452;455;464;472;475;485;492;498;512;521;539;551;577;583;594;605;614;624;630;651;671;677;690;697;704;714;720
753
761;769
768
239;243;249;258;262;264;271;277;291;296;301;304;308;312;317;321;324;327;329;334;336;339;347;350;357;362;366;372;375;378;384;393;396;399;409;412;416;420;425;428;430;439;442;448;458;467;476;479;487;491;496;503;505;515;517;518;529
533
561;568;581;592;601;620;626;635;648;655;667;669;674;675
681;688;694;701
700;707;711;723;728;736;737
536;543;549;566;599
713;719;734
739;743;758;767
747;752;757
766
732;751
738;742;746;750
245;257;269;274;282;295;300;323;326;331;344;346;356;361;369;383;398;402;419;435;438;445;450;454;466;469;490;495;499;504;526;530;541;578;584
679;698;705;710;717;721;731;744
611;621;627;636;650;657;665;670;676;682;695;702;709
22;24;26;30;33;35;37;40;41;47;49;51;52;54;56;59;64;67;70;74;78;82;83;85;87;88;91;95;98;102;104;106;108;111;113;116;119;122;123;126;127;131;135;140;143;146;149;151;153;154;157;159;162;163;166;170;172;174;175;179;181;185;187;189;190;194;201;202;204;207;209;213;219;221;223;224;229;231;235
