0;1;2;3;4;5;6;7;8;9;10;11;12;13;14;15;16;17;18;19;20;21;22;23;24;25;26;27;28;29;30;31;32;33;34;40
45;47;49;57;67;70;81;85;87;89;90
95;98;106;110;113;114;123;126;139;142;144;151;155;162;167;168;172;176;179
102;105;112;116;117;120;122;131;134;136;141;146;147;149;150;152
157;158
180;185
190;193;196;197;201;207
242
250
255
249
254
199;203
220;229
248;252
251
210;218;222
234;239;244
238
235
241
246
240;245
194;200;211;215;224;231;236
M1_1
163;169;171;174;178;181;206;226
43;50;53;58;61;63;65;68;71;74;77;79;82;93;96;99;103;107;115;124;137;145;148;156;160;170;187;195;205;213;232
191
153;154;164;173;177;183;188;198
