0;1;3;5;7;9;10;11;12;15;17;19
22;23;25;32;33;35;38;45;50;57;61;68;69;70;73;74;80;84;98;103;105;108
114;119;126;133;135;142;144;148;152;154;166;169;175;180;200
24;28;29;31;34;37;40;42;44;49;54;59;62;72;76;79;81;82;83;87;88;95
97;100;101;111;112;113;117;122;125;128;149;158
161;172;183;196;202;208;215;222;226;232;237;244;250;256
164;176;181;186;187;191;193;205;209;219;230;233;238;245;251;257;258
106;110;115;116;120;124;127;136;140;143;145;153;155;159;163;167;171;177;182;188;192;201;214;225;249;255;260;268;280;284;286;287;290;294
299;306;316;332;354;363;374
305;315;331;343
272;282
317
326
335
359;371
377
347
334;346;368;375
325
333;344
379;382
381;385
384
388
389
365
370;376;378;380
355
301;308;328;336;349;360
118;123;131;139;141;151;157;160;174;179;185;190;195;207;213;218;221;224;236;240;243;248;254;264;267;271;279;300;318;327;348
285;307
274;281;288;293
