0;1;2;3;4;5;6;7;8;9;10;11;12;13;14;15;16;17;18;19;20;21;22;23;24;25;26;27;28;29;30;31;32;33;34;35;36;37;38;39;40;41;42;43;44;45;46;47;48;49;50
53;56;58;59;60;63;65;66;67;68;71;72;75;77;79;80;82;83;85;87;88;89;90;94;96;97;98;100;101;103;106;108;109;112;113;114;116;118;121;123;126;130;132;134;137;142;147;150;164;170;173;176;182;185;188;196;199;201
210;214;216;220
230;231;235;240;251;255;259;261;267;272;276;287;293;299;305;343;348;361;372;398;403;415;429;451;473;515;529;538;548;570;580;591;624;655;676;692;721;729
234;243;246;250;258;262;268;273;277;283;288;294;300;314;325;332;362;367;373;379;384;404;430;441;452;488;494;501;521;522;531;541
551;562;573;583;594;616;628;649;659;669;680;705;736
561;572;626
635;668;678;711;723
647;656;667;694;703
571;605;645
253;260;265;285;297;303
308;312;318;324;357;370;390;395;408;421;426;446;457;469;478;483;491;504;512;555;598;619;681;690
323;329;335;352;383;389;402;414;419;420
438;458;470;484;492
505;513;534;545;556;586;608;660;671;682
525;533;544;565;599;620;631
271
274;282;291;302;317;322;328;334;340;346;356;364;376;394;418;477;482;543;554;564;575;597;630;638;670;689;697;706
281;311;327;333;339;350;369;381;393;401;416;433;445
456;468;476;511;524;542;563;574;584;595;617;637
461;489;497;502;510;552
336;342;354;360;378;391;397;411;424;428;440;450;460;464;480;487;493;500;508;514;520;537
558;569;579;590;642;654;664;675;685
701;710;740;749;759
709;718;734;757;765
578;589;602;623;633;674;684;708;717;727;744;748;756
341;347;353;359;366;377;396;410;423;435;449;463;472;486;499;507;528;536;601;611;640;653;700;715;725;732;747;754;763
752;761
769
774
773
766;772
768
434;439;447;462;471;479;498;506;518;526;535;609;651;661;691;698;713;730;737
208;217;236;241;247;252;256;266;275;286;292;298;304;309;320;331
51;52;54;55;57;61;62;64;69;70;73;74;76;78;81;84;86;91;92;93;95;99;102;104;105;107;110;111;115;117;119;120;122;124;125;127;128;136;139;144;149;153;156;165;174;179;186;189;192;194;197;200;202;209;212;215;222;223;226;233;244;249
