0;1;2;3;4;5;6;7;8;9;10;11;12;13;14;15;16;17;18;19;20;21;22;23;24;25;26;27;28;29;30;31;32;33;34;35;36;37;38;39;40;41;42;43;44;45;46;47;48;49;50;51;52;53;54;55;56;57;58;59;60;61;62;63;64;65;66;67;68;69;70;71;72;73;74;75;76;77;78;79;80;81;82;83;84;85;86;87;88;89;90;91;92;93;94;95;96;97;98;99;100;101;102;103;104;105;106;107;108;109;110;111;112;113;114;115;116;117;118;119;120;121;122;123;124;125;126;127;128;129;131;132;135;137;139;141;144;146;147;149;150;153;155;156
162;165;168;170;175;182;184;189
196;207;212;218;220;221;224;226;229
233;236;245;249;252;257;266;269;275;278;283
288;301;315;322;334;340;357;375;381
394;411;439;445;453;460;467;474;502;511;518;543;550;565;628
300;310;314;321;328;350;365;368;377;388;397;405;414;422;442;454;461;488;524;533;544;551;617;639;670;684;697;707
309;320;332;339;348;353;362;373;384;393;410;419;426;433;436;462;468;480;489;519;534;552
577;591;606;630;640;686;726;738
618;629;662;685;698;716
287;296;308;313;319;331;338;343;372;392;402;409;443;476;493;500;507;515;538;559;585;600;613;646;678;691;702;711;720;731;741
304;307
318;337;342;347;352;356;361;371;391;401;408;418;425;432;457;465;471;475;484;499;506;520;528;537;558;599;645;666;677
330;336;346;367;370;380
400;407;417;450;456;464;505;536;557;584;598;623;634;644;657;676;701;710;730
406;424;431;435;449;463;470;483;492
527;535;570;612;656;675;690;719;729
569
583;597;611;674;700
596;610;622;673;689;709
458;478;486;494;517;532;575;589;626;638
650;660;683;695;705;715;725
682;737;746
472;485
501
522;531;563;574;588;604;615;659;681;694;704;713;724;736
764
530;541;548;562;573
603;637;649;693;754;757
625;636;648;658;680;692;703;735;753
509;516;529;540;547;561;572;587;602;624;722;734;744;752;756;762
232;234;237;246;250;253;258;263;276;279;311;327;358;364;387;396;413;429;441
421;438;466;477;508;521;539;586;614;635;667;679;732;742;750;760
158;161;163;169;171;173;176;177;180;185;187;190;193;198;201;204;206;208;210;213;215;217;219;223;225;228;238;244;251;256;262;272;274;282
194;197;200;203;214;216;222;227;230;241;255;261;265;268;281;291;298;303;305;317;329;341;345;351;359;366;369;378;383;389;398;415;423;430;447;482;491;497;503;513;554;567;580;643
