0;1;2;3;4;5;6;7
8;9;12;14;16;23;24;26;29;31;33;34;35;39;42;45;47;48;50;53;54;58;59;64;65;68;70;76;78;81;82;83;87;91;92;98;99;100;102;104
106;107;111;118;124;128;139;142;154;157;161;171;179;180
197;203;205;208;210
10;13;15;17;19;21;22;28;37;38;41;44;46;52;57;61;63;67;69;71;73;75;79;85;88;90;93;96;108;113;114;119;122;125;129;132;135;143;151;159;164;173;177;200;207;211;214;217;222;225;229;233;237
248;254;260;265;269;276;281
11;18;20;25;27;30;32;36;40;43;49;51;55;56;60;62;66;72;74;77;80;84;89;94;103;110;112;120;126;130;133;136;140;141;144;152;155;165;168;181;186;194
315;323;331;344;352
322
335
350;361
368;377
392
302;305;312;318;326;347;355;373;380;399
304;311;317;325;333;337;354;372;379
313
320;328
334;340
396
339
348
358;375;395
327;338
319;356;366;374;385;389
404
406
408
341;342;353;363;370;387;403
393;398;402;407
401
192;198;204;206;220;232;242;264;272;275;280;285;295;298;300
240;243;246;249;252;256;267;273;278;287;290;292;296
116;123;134;138;146;149;153;156;166;170;176;185;191;196;209;219;224;231;235;250;253;257;279;283;288;291;297;301;306
