0;1;2;3;4;5;6;7
8;9;12;14;16;23;24;26;29;31;33;34;35;39;42;45;47;48;50;53;54;58;59;64;65;68;70;76;78
81;82;83;87;91;92;98;99;100;102;104
116;123;134;138;146;149;153;156;166;170;176;185;191;196
86;95;97;101;105;109;115;117;121;127;137;145;148;160;163;169;175;178;184;188;202;212;216;219;231;240;245;252;264;275;279
297;320;327;339;391;401;435;443;515;525;550;601;621
11;18;20;25;27;30;32;36;40;43;49;51;55;56;60;62;66;72;74;77;80;84;89;94;103;110;112;120;126;130;133;136;140;141;144;152;155;165;168
174;182;187;190;195;201;224;236;244;251;273;286;296;304;311;319;324;332;338;346;367;375;400;415;451;460;474;485;514;524
181;186;194
395
412
429;438
447;455
479;542;554;576;606;638;702;722;723;740;781;822
420;421;431;439;448;471
481
522;532;544;555;578;592;666;705;725;739;780
531;543;567;624;665;704;778;779
864;884
358;366;380;388;398;423;433
365;373;397;406;432;440;456;491;499;509;545;568;579;593;608;625;639;706;782
374;390;434;442;459;473;501;513;556;570;580;594;610;641;667;668
688;728;743;759
742;784;825;847;885;902
381;389;399
407;414
458;484;512;557;571;581;611;626;651;708;823;845;867
483;511;546;569;609;640
413;424;441;450;472;482;493;510;534;558;572;582;595;669;687;726;741;758;783;824;846
629
642;672;690;710;731;744;788;808;849;868;869;886;903
630;676;691;746;811;827;871
560;599
617;634;646;658;680
735;751;797;831
750;767;796;815;874;919
633
598;616;632;679;694;734;749
766;795;830;888;904;918;930;937
794;814;873;887
600;619;636
661;698;717;737;755;836;894;910
697;772;835;857;877;893
618;647;659;753;769;799;816;889
756;774;802;819;881
773;839;840;925;934
801
818;838
897;913;923
912
837;858;878;895;921
941;942;947
953
945
950
943
948
954
643;674;712;745;763;810;826;851;928
673;711;789;809;850
901;935;944;949
508;521;565;577;607;664;703;724;777;863;883;900;917
449;457;492;500;523;533;549
507;548;585;613
387;396;405;422;430;480;490;506;535;584
505;547;573;583;596;627;652;670;689;709;729;760;786;848;870
316;326;334;348;353;359;368;383;417;445;462;486;496;517;527;538;561;588;683;718
213;225;229;232;248;255;269;298;306;317;321;349;354;376;382;392;408;416;425;444;461;494;502;516;536;551
106;107;111;118;124;128;139;142;154;157;161;171;179;180;192;198;204;206;221;238;253;282;293;300;307;322;341;350;355
10;13;15;17;19;21;22;28;37;38;41;44;46;52;57;61;63;67;69;71;73;75;79;85;88;90;93;96;108;113;114;119;122;125;129;132;135;143;151;159;164;173;177;200;207;211;215;218;223;228;235;239;243;250;254;259;262;267;272;285;295;303;323;331;336;344
209;220;226;237;241;263;268;274;305;312;325;333;347;357;372
