0;1;2;3;4;5;6;7;8;9;10;11;12;13;14;15;16;17;18;19;20;21;22;23;24;25;26;27;28;29;30;31;32;33;34;35;36;37;38;39;40;41;42;43;44;45;46;47;48;49;50;51;52;53;54;55;56;57;58;59;60;61;62;63;64;65;66;67;68;69
70;71;72;73;75;76;78;82;83;87;90;94;96;97;99;101;102;104;106;107;108;110;112;115;117;118;120;122;123;124;126;127;129;131;132;138;140;142;143;145;147;149;151;153;155;158;160;162;163;164;166;168;170;171;176;177;178;180;182;183;185;187;189;192;195;200;206;208;211;215;220;227;230;233;235;236;241;247;254;255;258;260;263;267;271;272;274;278;281;283;284;285;289;290;291;292;293;298;300;303;307;309;314;315;318;324;329;334;339;352;359;366;374;378;382;388;395;400;411;416;429;436;453;460;465;470;479;484;492;500;509;532;560;577;586;587
74;77;79;80;81;84;85;86;88;89;91;92;93;95;98;100;103;105;109;111;113;114;116;119;121;125;128;130;133;134;135;136;137;139;141;144;146;148;150;152;154;156;157;159;161;165;167;169;172;173;174;175;179;181;184;186;188;190;191;193;196;198;201;202;204;209;210;212;216;218;221;224;228;232;237;238;242;243;244;245;248;250;253;256;264;265;268;273;275;277;279;282;286;287;296;299;301;302;305;311;312;313
316;317;321;323;325
328;331;333;338;343;346
348;358;361;365;372;381;391;393;403;414;422;425;432;448;451;463;467;474;490;505;521;541;562;571;581;590;616;617
630;665;679;704
320;322;336;342;354;356;360;368;370;375;384;406;418;428;434;441;447;454;457;458;468
477;482
486;491
498;518;531;539;553;583;621;649;663;689;703;727;738;751;763;779;795;821;838;856;876;901;979;994;995
512;517;523;530;538;545;552;557;566;572;606;627;659;675;701;715;739;740
481;496
1147
1157
558;594;602;609;650;651
670;709;722;729;755;787
683;708;744;769;826;842;882;906;963;998;999;1064
576;595;624;633;640;667;681;720;754;766;798;806;841;859;880;881
905
942
622;632;653;691;706;728;797;904;929;980;1014;1015;1041;1063
585;613;625;643;655;671;695;711;731;746;757;771;800;811;846;862;886;908;946;982
612;642;684;694;710;730;745;756;770;845;884;965;981;1001
357
364;371;377;380;398;407;412;420;430;433;439;444;466;471;488
673;697;723;733;747;758;861;885;966;1081
967;1031;1045
1002
1043
774;792;803;847;888;931
951;1022;1033;1051
970;1006;1021;1050;1068
1086
1117
813;865;887;912;949;984;1004;1019;1047;1128
776;793
778;794
817;833;849;869;893;916;934;954;1008;1026
837;978;992
1011
1028;1038;1056;1071
855
875;899;958;991
993;1013;1040
1059;1076;1096
1075;1095;1121
1029
1057;1104;1111
1092
1132;1137;1143
1162
1136;1142
1160
1138
1144
1168
1152
1166
1151
1145;1154;1173
1171
1146
1155
1175
1174
818;834;870;894;917;955;974;1035;1089;1102;1119;1131
816;890;915;953;972;1024;1052;1088;1110;1118;1130;1139;1169
804;819;835;851;871;895;918;935;956;975;987;1009;1027;1036;1090;1103;1133
1016;1044;1082;1098;1123
712;788;809;827;843;907;943;1000;1042;1080;1097;1120
546;554;559;567
1030;1062;1107;1114;1122;1141;1148;1159
527;535;550;563;575;582;620;638;662;688;718;752;764;780;805;822;839;902;925;926;941;997;1061;1078;1106;1134;1140
497;507;516;522;544;555;565;574;592;600;608;619;648;661;676;717;741;820;900;924;960;1060;1077;1105;1113
765;783;824;903;928
529;537;551;556;573;591;599;607;618;628;637;660;702;716;726;781;857;877
678;742;753;784;796
514;524;568;578;604;615;658;700;737;762;854;898;921;957
542;549;593;601;629;639;664;677;690;761
332;337;341;345;363;369;385;392;401;421;427;431;442;446;450;456;462;473;480;495;515;526;534;548;580;598;647;687;699;725;750
376;386;390;397;402;404;413;417;424;426;440;445;461;472;476;485;489;494;520;533;547;561;570;579;589;597;605;646;686;714;736;749
493;501;504;510;519;525;569;588;603;626;636;645
502;506;511;528;536;543;564
347;349;351;355;362;373;387;394;399;408;415;423;438;443;449;452;455;459;464;469;475;478;487;499;540
