0;1;2;3;4;5;6;7;8;9;10;11;12;13;14;15;16;17;18;19;20;21;22;23;24;25;26;27;28;29;30;31;32;33;34;35;36;37;38;39;40;41;42;43;44;45;46;47;48;49;50;51;52
53;55;57;58;62;64;67;71;73;75;77;80;81;83;84;87;89;90;91;92;93;95;98;99;101;103;105;106;111;114;116;117;119;122;124;125;129;132;134;136;138;141;142;146;147;148;150;152;153;155;157;159;162;163;165
169;171;173;176
586;587;619;627
349;354
364;371
379;384;395;403;410;430;436;443;452;461;468;479;491;496;501;509;527;532;539;544;554;582;592;600;636;637;658;667;687;696;708
353;356;363;370;373;374
390
397;412
416;425;438;445;454;462;481
572;577;588;596;605;611;650;659;668
710;722;739;752;763;820;836;869;944;963;977;1041;1062;1126;1154
738;751;778;819;835;853
642;651
660;681;699;724;822;872;947;980;1002
670
854;888;889
918;946
979
945;1001;1021
810
825;859;897
842;858;896;922;953;968;1005;1023;1085;1105;1128;1181;1243;1244
824;911;938
309;311;315;319;321;335;340;342;351;359;361;368;382;389;401;413;434;442;449;476;489;495;506;520;537;551;562;567;580;598;614;628;646;662;674;690;703;840;856;876;894;909;936;951;984
1262;1274
1280
1268;1273
1278
635
647
654;675;704;730
743
759;797;813;846;899;914;928;956;988;1010;1028;1051;1066;1132;1161;1183
770;784;812;827;845;862;879;913;926;970;1008;1050;1090;1131;1206
705;716;732;760;798;864;900;958;1029;1089;1108;1129;1159;1225
715;731;744;785;828;863;957;971;989;1087;1106;1160;1245;1254
653;683;729;757;768;783;826;843;860;878;923;954;1006;1130;1204;1226
691
706;718;761;772;786;815;848;866;930;960;974;993;1014;1035;1074;1095;1140
1233;1250
1249
717;733;745;771
814;830;881;959;1011;1053;1070;1092;1135;1208;1246;1255
829;847;865;901;942;972;990;1030
1052
1069;1091;1111;1163;1185;1207
975
996;1016;1059;1078;1100
1121;1147;1172;1194;1218
1146;1171;1193;1217
1015;1038;1058;1077;1099;1169;1192;1216
1237
1199;1221
1039;1079;1102;1123;1150;1174;1197
1101;1122;1149;1196;1238
1200
1241;1265
1287
1283
1240;1259
1282
995;1057;1075;1097;1119;1144;1190;1214
758;769;811;844;861;898;924;939;955;985;1007;1025;1048;1107;1173;1195
841;857;877;895;910;937;952;997;1017
303;306;312;316;322;326;330;333;338;343;346
871;1000;1020;1043;1103;1156;1179;1260
964;1044;1063;1125;1153
634;643;671;697;736;750
166;167;172;177;183;186;188;191;200;205;215;218;220;222;226;240;242;246;248;250;253;258;268;270;273;275;282;288;292;295;300;307;310;317;320;327;331;336;339;344;348;352;362;393;402;409;423;429;450;459;466;471;477;484;507;521;552;557;568;581;591;599;606;655;663;664;679;688;721;791;804;834;867;885;917;943;962;976;999;1019;1080;1177
381;387;391;398;406;420;426;431;439;455;463;474;482;486;524;529;534;542;547;561;564;571;604;610;626;641;666;677;695;707;720;735;748;775;801;850;884;931;961
502;516;523;533;541;546;570;585;595;603;609;618;625;633;640;657;665;676;694;719;734;747;774;796
375;380;385;396;404;414;453;473;480;485;511;514;522;545;555;559;575;584;593;601;617;623;631;639;648;685;723;765;792;806
360;376;386;405;411;415;424;437;444;492;497;515;528;540;560;563;576;590;615;629
54;56;59;60;61;63;65;66;68;69;70;72;74;76;78;79;82;85;86;88;94;96;97;100;102;104;107;108;109;110;112;113;115;118;120;121;123;126;127;128;130;131;133;135;137;139;140;143;144;145;149;151;154;156;158;160;161;164;168;170;174;175;178;180;192;193;196;201;206;209;213;216;219;225;231;234;237;239;245;249;252;256;257;263;265;269;272;274;277;279;285;291;294;299;302;305;314;318;325;329;332;337;345;350;355;358;367;378;388;392;399;408;418;421;427;433;447;457;465;469;475;487;494;499;504;518;525;530;549;566;578;612;620;644;682;689;713;728;755;781;794;809;855;892;967
181;184;187;189;194;199;202;207;210;211;214;217;221;223;228;229;233;244;255;260;262;264;267;278;281;284;287;290;297;298
179;182;185;190;195;197;198;203;204;208;212;224;227;230;232;235;236;238;241;243;247;251;254;259;261;266;271;276;280;283;286;289;293;296;301;304;308;313;323;324;328;334;341;347;357;365;377;407;417;432;440;446;456;464;483;493;498;503;512;517;535;548;556;565
