0;1;2;3;4;5;6;7;8;9;10;11;12;13;14;15;16;17;18;19;20;21;22;23;24;25;26;27;28;29;30;31;32;33;34;35;36;37;38;39;40;41;42;43;44;45;46;47;48;49;50
221;224;227;242;250;254;265;270;275;286;304;308;314;320;324;325
593;601;610;623;642;673;685;700;711;725;750;762;813;839;853;891;903;946;958;998;999;1013
1053;1079;1136;1151
1164;1165;1189
1234
1255;1282
53;56;58;59;60;63;65;66;67;68;71;72;75;77;79;80;82;83;85;87;88;89;90;94;96;97;98;100;101;103;106;108;109;112;113;114;116;118;121;123;126
129;131;133;135;138;140;142;144;148;150;151;153;154;155;156;159;160;162;165;167;169;171;176;179;182;187;188;192;198;200;203;205;206;210;212;217;226;230;236;237;241;245;249;256;258;261;267;276;280;294;297;301
306;312;316;329;338;344;351;362;370;382;392;404;411;416;442;470;488;506;538;578;588;603;614;646;658;680;690;731;742;769;781;846;939;976;1017;1045;1056;1097;1110;1124;1139
321;328;343;347;356;361;367;375;381;391;398;429;435;441;461;478;505;513;525;537;546;554;561;587;595;602;613
627;638;645;679;689;703;716;741;754;768;780;806;817;829;845;859;871;898;911;923;951;964;975;1005;1044;1057;1081;1096;1123;1138;1154;1177;1192;1288;1316;1337;1354;1394;1459
637;657;678;730;767;793;805;828;844;858;897;910;922;938;950;974;990;1004
130;132;134;137;141;145;147;157;161;163;166;170;172;174;180;183;185
191;194;196;199;208;213;215;219;223;225;229;232;235;240;244;248;252;260;266;272;290;293;296;300;305;315;327;337;342;366;369;374;389;390;399;405
412;418
424;431;437;451;458;472;481;490;500;520;549;564;597;605;616;630;648;771;832;886;913;924;942;954;967;1020;1048;1058;1070;1084;1100
335;346;353;364
368
378;385;402;409;414;434;446;454;468;485;496;511;559;568;583;607;619;650;662;695;708;720;736;774;786;798;823;835;852;864;927;956;995;1007;1024;1063;1102;1158;1168;1179;1238;1239;1261;1317;1356
396;401;408;445;476;484;495;503;510;517;523;543;575;608;621;633;641;651;671;697;721;776;799;824;837;900;929;971;1026;1104;1127;1169;1180;1241;1242;1262;1290;1319;1339;1357
231
233;239;246;253;262;264;269;274;278;282;288;291;298;310;323;359;363;407;413;420;426;440;459;466;493;509;515;522;541;558;567;574;618;631;693;758;785;797;810;822;851;863;875;887;914;926;955;969;979;1023;1073;1101;1112;1113;1143;1160;1244
238;259;268;273;277
281;285;303;307;317;319;331;334;348;358;371;376;384;394;433;439;453;465;474;483;492;508;521;529;540;551;566;582;590;617;649;682;692;718;735;747;757;773;784;809;821;834;850;862;968;978;994;1022;1049;1062;1085
944;996;1008;1064;1087;1105;1115;1128;1142;1159;1198;1227;1243
1565;1573
1572
1321;1360;1409;1445;1464;1531
1341;1359;1375;1424;1444;1462;1485;1500
560;570;576;584;609;635;652;699;724;749;789;879;902;915;931;945;983;1050;1066;1076
1091;1147;1173;1184;1203;1216;1295;1345;1381;1398;1466
1107;1132;1146;1172;1183;1202;1215
569;592;600;622;634
672;698;710;723;761;788;838;878;890;972;982;1028;1038;1065;1089;1116;1131;1201;1214;1278
1307;1325;1364;1379
684;709;722;748;787;812;866;877;889;901;930;981;997;1009;1027;1074;1088;1129;1144;1171;1200;1212;1246;1362;1376
1034
1220;1283;1331;1370;1386
1254;1268;1281;1298
816;843;857;896;909;921;937;989;1016;1043;1055;1137;1153;1167;1208;1237;1258;1272;1287;1315;1336
1374;1392;1406;1473;1474;1493
1510;1547
1526;1536
1391
827;842;856;870;920;962;1002;1014;1035;1041;1054;1068;1190;1206
1221;1271;1285;1314;1334;1371;1389;1403;1417;1454;1508;1525
1236;1270;1284;1302;1333;1352;1416;1492;1535;1545
1407;1421;1515
1420;1438
1456;1495;1514;1528
1475;1512;1527;1538;1549
1561
1567
1575;1581
1580
1574;1579
1578
1299;1311;1328;1351;1368;1385;1402;1471;1490
1176;1219;1233;1253;1267;1280;1349;1367;1414;1432;1470;1505;1533;1556;1560
1300;1312;1329;1384;1415;1479;1496
1369;1393
585;611;624;654;664;675;686;714;727
1324;1344;1378;1429;1449;1551;1558
377;386;395;400;421;427;444;460;467;475;494;502;516;530;535;542;591;599;620;632;696;737;760;775;811;836;865;876;888;928;957;970;980;1025;1037;1086;1103;1114;1126;1141;1197;1226;1240;1275
284;295;302;309;313;322;330;339;345;352;357;383;393;406;419;425;432;438;452;464;473;482;491;501;550;557;565;581;598;606;661;670;681;706;734;746;772;796;820;833;861;874;925;943;977;993;1021;1061;1072;1111;1157;1196;1209;1225;1303;1320;1340;1358;1423;1442;1483
332;336;340;349;354;360;372;379;387;397;403;447;477;486;512;518;531;544;552
417;423;456;462;489;498;526;533;555;562;572;659;667;691;704;717;732;743;755;782;794;807;818;830;847;860;872;884;952;1018;1046;1071;1098;1125;1195;1224;1260;1274;1346;1399;1467;1502;1520
430;443;450;471;480;499;514;528;548;563;573;580;589;604;629;640;660;669;705;745;756;783;819;849
189;197;209;211;216;220;222;228;234;243;247;251;255;257;263;271;279;283;287;289;292;299;311;318;326;333;341;350;355;365;373;380;388;410;415;422;428;448;455;469;487;497;504;524;532;536;545;553
51;52;54;55;57;61;62;64;69;70;73;74;76;78;81;84;86;91;92;93;95;99;102;104;105;107;110;111;115;117;119;120;122;124;125;127;128;136;139;143;146;149;152;158;164;168;173;175;177;178;181;184;186;190;193;195;201;202;204;207;214;218
