0;1;2;3;4;5;6;7;8;9;10;11;12;13;14;15;16;17;18;19;20;21;22;23;24;25;26;27;28;29;30;31;32;33;34
35;37;38;40;42;43;46;49;50;51;53;54;55;57;58;60;63;64;65;66;67;69;71;73;75;76;80;82;84;86;89;92;105;109;114;117;118;121;124;125;127;129;131;132;133;136;139;141;143;145;156;158;160;163;164;166;168;169;171;174;182;184;185
188;192
198;209
217;223;234;239;243;253;260;269;291;305;315;326;327;339
222;226;229;232;233
248;256;270;280;283;288;294;301
307;308
313;323
330
356;365;399;400
335;347;355;385;398
428;441;454;455
322
354;363;364
376;402;421;470;481;482
255;279;293;300;304;319;343;344
189;191;193;197;201;206;208;212;225;231;238;247;251;258;273;276;286;292;296;298;303;306;316;317
36;39;41;44;45;47;48;52;56;59;61;62;68;70;72;74;77;79;81;83;88;91;95;97;99;104;106;108;111;113;116;120;123;126;130;135;137;147;149;150;151;153;162;165;170;172;177;178;180;187;190;196;204;213;218;220;224;230;236
386
435;448
331;338;349
351
361
359;372
499;523
491;504;519
528;541
503
517
516;525
544
546;554
553
533
548;563
547
556;560
559
555
565
572
566;569
574
568
577
570
576
581
580
575
579
447;498;511
M4_0
443;483;509;521;535
194;207;210;215;219;235;244;254;261;267;278;287;299;312;318;328;352;375;383;409;438;453;467;479;507;534;549
240;263;264;271;282;290;297;310;314;324;332;340;360;380;393;433;434;460;497;537;551
337;348;368;377;403;415;432;458;485;536;550
379;392;406;418;425;445;459;496
440;480;492
387;422;472;484;495;510;531
336;366;429;442;456;469;508;542
333;345;353;396;410;427;439;468;505;520;530
412;471;488
391;405;446;478;501
358;370;378;417;444;477;489;515
371;390;424
369;389;404;416;449;463
401
334;346;384;397;411;437;452;466;476;487
320;329;374;382
245;249;257;262;281;289;295;302;309;321;342
