0;1;2;3;4;5;6;7;8;9;10;11;12;13;14;15;16;17;18;19;20;21;22;23;24;25;26;27;28;29
30;35;37;41;43
45;47;52;54;57;59;60;64;67;70;71;73;80;82;84;86;88;89;90;95;96;99;102;105;107;111;112;117;122;124;126;129;130;135;137;139;145;152;153;155;158;162;166;169;173;179;184;188;193;199;204;208;211;222;232;234;241;252;255;257;260;263;267;273;285;293;300;304;315;319;332;333
337
342;346;351;356;365;375;385;392;400;404;415;419;424;442;463;482;490;513;542;549;557;567;588;598;617;649;701;712;724
355;381;384;391;409;431;436;443;447;483;491;502;514;532;550;568;569
580;590;601;628;691
589;600;608;619
599
341;361
371;390;399;408;414;418;423;430;435;441;462;473;481;489;512;531;541;548;566;579;606;616;648;665;713;725
453;461
156;165;170;182;186;189;195;201;212;215;217;220;223;226;228;236;238;242;254;261;269;274;278;282;290;298;305;307;313;317;327;329;335;348;358;372;377;394;406;411;497;519;536;560;584;621;631;643;658;673;683;694;703;736;748;790;801;818;839;861;897
159;164;167;172;174;176;180;185;194;197;200;205;209;214;219;235;237;240;243;247;253;256;268;281;286;297;301;310;312;316;320;324;326;334;347;352;357;362;366;376;393;401;405;410;433;456
465
485;495;517;534;543;554;559;572;582;593;641;656;671;682;716;734;773;789
494;505;516;526;533
553;630;640;655;670;693;733
746;788;838;880;896;965;983;1022
772;837;860;879;895;921;982
558;581;592;610;639;654;669;732
761;787;800;817;836;878;894;920;936;964;1000;1021
474;493;504;515;552;571;591;602;609;620;629;638;653;668;715;726;731;759;876
823
844
864
434;439;446;471;501;510;523;564;597
575;612;646;674;684;696;705;717;751;763;820;841
700;711;742;766;810;828;848;868;907;930;942;986;1005;1026
710;723
740
755;764;777
806;825;846;883;902;927
940;953;1024;1041;1066
1077
776;793;805;824;845;925;939;968;1007;1028
767;782
813;830;851;910;1011;1034;1049;1059;1081;1091
781
796;812
870;908;945
991;1033;1046
1032;1057
888;944;959
1079;1089;1099
1098
957;975;988;1030;1044
783;814;832;854;890;913;995;1013;1051
997
1018;1053;1074
1017;1039;1052
1071;1084
1075
1016;1038
1062
1114
1122
1121
1112
1116;1126
1115;1124
1117;1128
1119
1118;1130
1073;1086;1094;1105;1110
1087;1095;1111
1063;1072;1113
1103
811;887;943;958;990;1031;1056;1097;1123
829;850;909;932;992;1009;1047;1080;1090;1100;1108
794;807;826;865;884;903;970;1019
728;741;779;808;928;941
969
614;624;635;647;663;677;687;698;721;727;753;784;833;856;873;892;916;934;979;996;1014
595;622;633;645;660;752;768
470;480;500;509;540;563;576;596;662;676;707;720
479;522;529;546;551;570;607;650;680;690;714;730;744;758;770;816;835;858;859;875;893
651;666;709;739;775;792;804
626;636;689
380;398;403;428
31;32;33;34;36;38;39;40;42;44;48;50;55;58;61;63;65;68;74;76;79;81;83;85;87;92;94;98;101;104;109;114;116;121;123;128;132;134;136;147;148;151;157;160;171;175;177;187;192;203;207;227;231;239;246;248;251;266;272;277;284;289;292;296;314;318;340;344;349;354;364;369;383;388;427;451;459;467;477;487;498;521;537;561
46;49;51;53;56;62;66;69;72;75;77;78;91;93;97;100;103;106;108;110;113;115;118;119;120;125;127;131;133;138;140;141;142;143;144;146;149;150;154
